     0   -5.000000E-01    4.254254E-03    4.254254E-03    0.000000E+00 
     1   -4.989990E-01    5.199199E-03    5.199199E-03    0.000000E+00 
     2   -4.979980E-01    5.991992E-03    5.991992E-03    0.000000E+00 
     3   -4.969970E-01    6.560561E-03    6.560561E-03    0.000000E+00 
     4   -4.959960E-01    6.856857E-03    6.856857E-03    0.000000E+00 
     5   -4.949950E-01    6.856857E-03    6.856857E-03    0.000000E+00 
     6   -4.939940E-01    6.560561E-03    6.560561E-03    0.000000E+00 
     7   -4.929930E-01    5.991992E-03    5.991992E-03    0.000000E+00 
     8   -4.919920E-01    5.199199E-03    5.199199E-03    0.000000E+00 
     9   -4.909910E-01    4.254254E-03    4.254254E-03    0.000000E+00 
    10    8.909335E-03    4.254254E-03   -2.117802E+03    5.897153E+02 
    11    9.910336E-03    5.201201E-03   -2.338932E+03    5.897153E+02 
    12    1.091134E-02    6.010010E-03   -2.225320E+03    5.897153E+02 
    13    1.191234E-02    6.632633E-03   -1.830474E+03    5.897153E+02 
    14    1.291334E-02    7.057057E-03   -1.290846E+03    5.897153E+02 
    15    1.391434E-02    7.307307E-03   -7.856388E+02    5.897153E+02 
    16    1.491534E-02    7.435435E-03   -4.154437E+02    5.897153E+02 
    17    1.591634E-02    7.489489E-03   -1.742825E+02    5.897153E+02 
    18    1.691734E-02    7.505506E-03   -4.368136E+01    5.897153E+02 
    19    1.791834E-02    7.507508E-03    7.507507E-03    5.897153E+02 
    20    1.891935E-02    7.507508E-03    7.507508E-03    5.897153E+02 
    21    1.992035E-02    7.507508E-03    7.507508E-03    5.897153E+02 
    22    2.092135E-02    7.507508E-03    7.507508E-03    5.897153E+02 
    23    2.192235E-02    7.507508E-03    7.507508E-03    5.897153E+02 
    24    2.292335E-02    7.507508E-03    7.507508E-03    5.897153E+02 
    25    2.392435E-02    7.507508E-03    7.507508E-03    5.897153E+02 
    26    2.492535E-02    7.507508E-03    7.507508E-03    5.897153E+02 
    27    2.592635E-02    7.507508E-03    7.507507E-03    5.897153E+02 
    28    2.692735E-02    7.507508E-03    7.507507E-03    5.897153E+02 
    29    2.792835E-02    7.507508E-03    7.507507E-03    5.897153E+02 
    30    2.892936E-02    7.507508E-03    7.507507E-03    5.897153E+02 
    31    2.993036E-02    7.507508E-03    7.507507E-03    5.897153E+02 
    32    3.093136E-02    7.507508E-03    7.507507E-03    5.897153E+02 
    33    3.193236E-02    7.507508E-03    7.507508E-03    5.897153E+02 
    34    3.293336E-02    7.507508E-03    7.507508E-03    5.897153E+02 
    35    3.393436E-02    7.507508E-03    7.507508E-03    5.897153E+02 
    36    3.493536E-02    7.507508E-03    7.507508E-03    5.897153E+02 
    37    3.593636E-02    7.507508E-03    7.507508E-03    5.897153E+02 
    38    3.693736E-02    7.507508E-03    7.507508E-03    5.897153E+02 
    39    3.793836E-02    7.507508E-03    7.507508E-03    5.897153E+02 
    40    3.893937E-02    7.507508E-03    7.507507E-03    5.897153E+02 
    41    3.994037E-02    7.507508E-03    7.507507E-03    5.897153E+02 
    42    4.094137E-02    7.507508E-03    7.507507E-03    5.897153E+02 
    43    4.194237E-02    7.507508E-03    7.507507E-03    5.897153E+02 
    44    4.294337E-02    7.507508E-03    7.507507E-03    5.897153E+02 
    45    4.394437E-02    7.507508E-03    7.507507E-03    5.897153E+02 
    46    4.494537E-02    7.507508E-03    7.507507E-03    5.897153E+02 
    47    4.594637E-02    7.507508E-03    7.507507E-03    5.897153E+02 
    48    4.694737E-02    7.507508E-03    7.507507E-03    5.897153E+02 
    49    4.794837E-02    7.507508E-03    7.507507E-03    5.897153E+02 
    50    4.894938E-02    7.507508E-03    7.507507E-03    5.897153E+02 
    51    4.995038E-02    7.507508E-03    7.507508E-03    5.897153E+02 
    52    5.095138E-02    7.507508E-03    7.507508E-03    5.897153E+02 
    53    5.195238E-02    7.507508E-03    7.507508E-03    5.897153E+02 
    54    5.295338E-02    7.507508E-03    7.507508E-03    5.897153E+02 
    55    5.395438E-02    7.507508E-03    7.507508E-03    5.897153E+02 
    56    5.495538E-02    7.507508E-03    7.507508E-03    5.897153E+02 
    57    5.595638E-02    7.507508E-03    7.507508E-03    5.897153E+02 
    58    5.695738E-02    7.507508E-03    7.507508E-03    5.897153E+02 
    59    5.795838E-02    7.507508E-03    7.507508E-03    5.897153E+02 
    60    5.895939E-02    7.507508E-03    7.507508E-03    5.897153E+02 
    61    5.996039E-02    7.507508E-03    7.507508E-03    5.897153E+02 
    62    6.096139E-02    7.507508E-03    7.507508E-03    5.897153E+02 
    63    6.196239E-02    7.507508E-03    7.507508E-03    5.897153E+02 
    64    6.296339E-02    7.507508E-03    7.507508E-03    5.897153E+02 
    65    6.396439E-02    7.507508E-03    7.507508E-03    5.897153E+02 
    66    6.496539E-02    7.507508E-03    7.507508E-03    5.897153E+02 
    67    6.596639E-02    7.507508E-03    7.507508E-03    5.897153E+02 
    68    6.696739E-02    7.507508E-03    7.507508E-03    5.897153E+02 
    69    6.796839E-02    7.507508E-03    7.507508E-03    5.897153E+02 
    70    6.896940E-02    7.507508E-03    7.507508E-03    5.897153E+02 
    71    6.997040E-02    7.507508E-03    7.507508E-03    5.897153E+02 
    72    7.097140E-02    7.507508E-03    7.507508E-03    5.897153E+02 
    73    7.197240E-02    7.507508E-03    7.507508E-03    5.897153E+02 
    74    7.297340E-02    7.507508E-03    7.507508E-03    5.897153E+02 
    75    7.397440E-02    7.507508E-03    7.507508E-03    5.897153E+02 
    76    7.497540E-02    7.507508E-03    7.507508E-03    5.897153E+02 
    77    7.597640E-02    7.507508E-03    7.507507E-03    5.897153E+02 
    78    7.697740E-02    7.507508E-03    7.507507E-03    5.897153E+02 
    79    7.797840E-02    7.507508E-03    7.507507E-03    5.897153E+02 
    80    7.897941E-02    7.507508E-03    7.507507E-03    5.897153E+02 
    81    7.998041E-02    7.507508E-03    7.507507E-03    5.897153E+02 
    82    8.098141E-02    7.507508E-03    7.507507E-03    5.897153E+02 
    83    8.198241E-02    7.507508E-03    7.507507E-03    5.897153E+02 
    84    8.298341E-02    7.507508E-03    7.507507E-03    5.897153E+02 
    85    8.398441E-02    7.507508E-03    7.507507E-03    5.897153E+02 
    86    8.498541E-02    7.507508E-03    7.507508E-03    5.897153E+02 
    87    8.598641E-02    7.507508E-03    7.507508E-03    5.897153E+02 
    88    8.698741E-02    7.507508E-03    7.507508E-03    5.897153E+02 
    89    8.798841E-02    7.507508E-03    7.507508E-03    5.897153E+02 
    90    8.898942E-02    7.507508E-03    7.507508E-03    5.897153E+02 
    91    8.999042E-02    7.507508E-03    7.507508E-03    5.897153E+02 
    92    9.099142E-02    7.507508E-03    7.507508E-03    5.897153E+02 
    93    9.199242E-02    7.507508E-03    7.507508E-03    5.897153E+02 
    94    9.299342E-02    7.507508E-03    7.507507E-03    5.897153E+02 
    95    9.399442E-02    7.507508E-03    7.507507E-03    5.897153E+02 
    96    9.499542E-02    7.507508E-03    7.507507E-03    5.897153E+02 
    97    9.599642E-02    7.507508E-03    7.507507E-03    5.897153E+02 
    98    9.699742E-02    7.507508E-03    7.507507E-03    5.897153E+02 
    99    9.799842E-02    7.507508E-03    7.507507E-03    5.897153E+02 
   100    9.899943E-02    7.507508E-03    7.507508E-03    5.897153E+02 
   101    1.000004E-01    7.507508E-03    7.507508E-03    5.897153E+02 
   102    1.010014E-01    7.507508E-03    7.507508E-03    5.897153E+02 
   103    1.020024E-01    7.507508E-03    7.507508E-03    5.897153E+02 
   104    1.030034E-01    7.507508E-03    7.507508E-03    5.897153E+02 
   105    1.040044E-01    7.507508E-03    7.507508E-03    5.897153E+02 
   106    1.050054E-01    7.507508E-03    7.507508E-03    5.897153E+02 
   107    1.060064E-01    7.507508E-03    7.507507E-03    5.897153E+02 
   108    1.070074E-01    7.507508E-03    7.507507E-03    5.897153E+02 
   109    1.080084E-01    7.507508E-03    7.507507E-03    5.897153E+02 
   110    1.090094E-01    7.507508E-03    7.507507E-03    5.897153E+02 
   111    1.100104E-01    7.507508E-03    7.507507E-03    5.897153E+02 
   112    1.110114E-01    7.507508E-03    7.507507E-03    5.897153E+02 
   113    1.120124E-01    7.507508E-03    7.507507E-03    5.897153E+02 
   114    1.130134E-01    7.507508E-03    7.507507E-03    5.897153E+02 
   115    1.140144E-01    7.507508E-03    7.507507E-03    5.897153E+02 
   116    1.150154E-01    7.507508E-03    7.507507E-03    5.897153E+02 
   117    1.160164E-01    7.507508E-03    7.507508E-03    5.897153E+02 
   118    1.170174E-01    7.507508E-03    7.507508E-03    5.897153E+02 
   119    1.180184E-01    7.507508E-03    7.507508E-03    5.897153E+02 
   120    1.190194E-01    7.507508E-03    7.507508E-03    5.897153E+02 
   121    1.200204E-01    7.507508E-03    7.507508E-03    5.897153E+02 
   122    1.210214E-01    7.507508E-03    7.507508E-03    5.897153E+02 
   123    1.220224E-01    7.507508E-03    7.507508E-03    5.897153E+02 
   124    1.230234E-01    7.507508E-03    7.507508E-03    5.897153E+02 
   125    1.240245E-01    7.507508E-03    7.507508E-03    5.897153E+02 
   126    1.250255E-01    7.507764E-03    7.507764E-03    5.897153E+02 
   127    1.260265E-01    7.510685E-03    7.510685E-03    5.897153E+02 
   128    1.270275E-01    7.521675E-03    7.521675E-03    5.897153E+02 
   129    1.280285E-01    7.549146E-03    7.549146E-03    5.897153E+02 
   130    1.290295E-01    7.604508E-03    7.604508E-03    5.897153E+02 
   131    1.300305E-01    7.701152E-03    7.701152E-03    5.897153E+02 
   132    1.310315E-01    7.846865E-03    7.846865E-03    5.897153E+02 
   133    1.320325E-01    8.040445E-03    8.040445E-03    5.897153E+02 
   134    1.330335E-01    8.271678E-03    8.271678E-03    5.897153E+02 
   135    1.340345E-01    8.521341E-03    8.521341E-03    5.897153E+02 
   136    1.350355E-01    8.762744E-03    8.762744E-03    5.897153E+02 
   137    1.360365E-01    8.973090E-03    8.973090E-03    5.897153E+02 
   138    1.370375E-01    9.138568E-03    9.138568E-03    5.897153E+02 
   139    1.380385E-01    9.254376E-03    9.254376E-03    5.897153E+02 
   140    1.390395E-01    9.324721E-03    9.324721E-03    5.897153E+02 
   141    1.400405E-01    9.361794E-03    9.361794E-03    5.897153E+02 
   142    1.410415E-01    9.378189E-03    9.378189E-03    5.897153E+02 
   143    1.420425E-01    9.383516E-03    9.383516E-03    5.897153E+02 
   144    1.430435E-01    9.384380E-03    9.384380E-03    5.897153E+02 
   145    1.440445E-01    9.384384E-03    9.384384E-03    5.897153E+02 
   146    1.450455E-01    9.384384E-03    9.384384E-03    5.897153E+02 
   147    1.460465E-01    9.384384E-03    9.384384E-03    5.897153E+02 
   148    1.470475E-01    9.384384E-03    9.384384E-03    5.897153E+02 
   149    1.480485E-01    9.384384E-03    9.384384E-03    5.897153E+02 
   150    1.490495E-01    9.384384E-03    9.384384E-03    5.897153E+02 
   151    1.500505E-01    9.384384E-03    9.384384E-03    5.897153E+02 
   152    1.510515E-01    9.384384E-03    9.384384E-03    5.897153E+02 
   153    1.520525E-01    9.384384E-03    9.384384E-03    5.897153E+02 
   154    1.530535E-01    9.384384E-03    9.384384E-03    5.897153E+02 
   155    1.540545E-01    9.384384E-03    9.384384E-03    5.897153E+02 
   156    1.550555E-01    9.384384E-03    9.384384E-03    5.897153E+02 
   157    1.560565E-01    9.384384E-03    9.384384E-03    5.897153E+02 
   158    1.570575E-01    9.384384E-03    9.384384E-03    5.897153E+02 
   159    1.580585E-01    9.384384E-03    9.384384E-03    5.897153E+02 
   160    1.590595E-01    9.384384E-03    9.384384E-03    5.897153E+02 
   161    1.600605E-01    9.384384E-03    9.384384E-03    5.897153E+02 
   162    1.610615E-01    9.384384E-03    9.384384E-03    5.897153E+02 
   163    1.620625E-01    9.384384E-03    9.384384E-03    5.897153E+02 
   164    1.630635E-01    9.384384E-03    9.384384E-03    5.897153E+02 
   165    1.640645E-01    9.384384E-03    9.384384E-03    5.897153E+02 
   166    1.650655E-01    9.384384E-03    9.384384E-03    5.897153E+02 
   167    1.660665E-01    9.384384E-03    9.384384E-03    5.897153E+02 
   168    1.670675E-01    9.384384E-03    9.384384E-03    5.897153E+02 
   169    1.680685E-01    9.384384E-03    9.384384E-03    5.897153E+02 
   170    1.690695E-01    9.384384E-03    9.384384E-03    5.897153E+02 
   171    1.700705E-01    9.384384E-03    9.384384E-03    5.897153E+02 
   172    1.710715E-01    9.384384E-03    9.384384E-03    5.897153E+02 
   173    1.720725E-01    9.384384E-03    9.384384E-03    5.897153E+02 
   174    1.730735E-01    9.384384E-03    9.384384E-03    5.897153E+02 
   175    1.740745E-01    9.384384E-03    9.384384E-03    5.897153E+02 
   176    1.750755E-01    9.384384E-03    9.384384E-03    5.897153E+02 
   177    1.760765E-01    9.384384E-03    9.384384E-03    5.897153E+02 
   178    1.770775E-01    9.384384E-03    9.384384E-03    5.897153E+02 
   179    1.780785E-01    9.384384E-03    9.384385E-03    5.897153E+02 
   180    1.790795E-01    9.384384E-03    9.384385E-03    5.897153E+02 
   181    1.800805E-01    9.384384E-03    9.384385E-03    5.897153E+02 
   182    1.810815E-01    9.384384E-03    9.384385E-03    5.897153E+02 
   183    1.820825E-01    9.384384E-03    9.384385E-03    5.897153E+02 
   184    1.830835E-01    9.384384E-03    9.384385E-03    5.897153E+02 
   185    1.840845E-01    9.384384E-03    9.384384E-03    5.897153E+02 
   186    1.850855E-01    9.384384E-03    9.384384E-03    5.897153E+02 
   187    1.860865E-01    9.384384E-03    9.384384E-03    5.897153E+02 
   188    1.870875E-01    9.384384E-03    9.384384E-03    5.897153E+02 
   189    1.880885E-01    9.384384E-03    9.384384E-03    5.897153E+02 
   190    1.890895E-01    9.384384E-03    9.384384E-03    5.897153E+02 
   191    1.900905E-01    9.384384E-03    9.384384E-03    5.897153E+02 
   192    1.910915E-01    9.384384E-03    9.384384E-03    5.897153E+02 
   193    1.920925E-01    9.384384E-03    9.384384E-03    5.897153E+02 
   194    1.930935E-01    9.384384E-03    9.384384E-03    5.897153E+02 
   195    1.940945E-01    9.384384E-03    9.384384E-03    5.897153E+02 
   196    1.950955E-01    9.384384E-03    9.384384E-03    5.897153E+02 
   197    1.960965E-01    9.384384E-03    9.384384E-03    5.897153E+02 
   198    1.970975E-01    9.384384E-03    9.384384E-03    5.897153E+02 
   199    1.980985E-01    9.384384E-03    9.384384E-03    5.897153E+02 
   200    1.990995E-01    9.384384E-03    9.384385E-03    5.897153E+02 
   201    2.001005E-01    9.384384E-03    9.384385E-03    5.897153E+02 
   202    2.011015E-01    9.384384E-03    9.384385E-03    5.897153E+02 
   203    2.021025E-01    9.384384E-03    9.384385E-03    5.897153E+02 
   204    2.031035E-01    9.384384E-03    9.384385E-03    5.897153E+02 
   205    2.041045E-01    9.384384E-03    9.384385E-03    5.897153E+02 
   206    2.051055E-01    9.384384E-03    9.384384E-03    5.897153E+02 
   207    2.061065E-01    9.384384E-03    9.384384E-03    5.897153E+02 
   208    2.071075E-01    9.384384E-03    9.384384E-03    5.897153E+02 
   209    2.081085E-01    9.384384E-03    9.384384E-03    5.897153E+02 
   210    2.091095E-01    9.384384E-03    9.384384E-03    5.897153E+02 
   211    2.101105E-01    9.384384E-03    9.384384E-03    5.897153E+02 
   212    2.111115E-01    9.384384E-03    9.384384E-03    5.897153E+02 
   213    2.121125E-01    9.384384E-03    9.384384E-03    5.897153E+02 
   214    2.131135E-01    9.384384E-03    9.384384E-03    5.897153E+02 
   215    2.141145E-01    9.384384E-03    9.384384E-03    5.897153E+02 
   216    2.151155E-01    9.384384E-03    9.384384E-03    5.897153E+02 
   217    2.161165E-01    9.384384E-03    9.384384E-03    5.897153E+02 
   218    2.171175E-01    9.384384E-03    9.384384E-03    5.897153E+02 
   219    2.181185E-01    9.384384E-03    9.384384E-03    5.897153E+02 
   220    2.191195E-01    9.384384E-03    9.384384E-03    5.897153E+02 
   221    2.201205E-01    9.384384E-03    9.384384E-03    5.897153E+02 
   222    2.211215E-01    9.384384E-03    9.384384E-03    5.897153E+02 
   223    2.221225E-01    9.384384E-03    9.384384E-03    5.897153E+02 
   224    2.231235E-01    9.384384E-03    9.384384E-03    5.897153E+02 
   225    2.241246E-01    9.384384E-03    9.384384E-03    5.897153E+02 
   226    2.251256E-01    9.384384E-03    9.384384E-03    5.897153E+02 
   227    2.261266E-01    9.384434E-03    9.384434E-03    5.897153E+02 
   228    2.271276E-01    9.385954E-03    9.385954E-03    5.897153E+02 
   229    2.281286E-01    9.391868E-03    9.391868E-03    5.897153E+02 
   230    2.291296E-01    9.405181E-03    9.405181E-03    5.897153E+02 
   231    2.301306E-01    9.428896E-03    9.428896E-03    5.897153E+02 
   232    2.311316E-01    9.465815E-03    9.465815E-03    5.897153E+02 
   233    2.321326E-01    9.513263E-03    9.513263E-03    5.897153E+02 
   234    2.331336E-01    9.562541E-03    9.562540E-03    5.897153E+02 
   235    2.341346E-01    9.604638E-03    9.604638E-03    5.897153E+02 
   236    2.351356E-01    9.630547E-03    9.630547E-03    5.897153E+02 
   237    2.361366E-01    9.631557E-03    9.631557E-03    5.897153E+02 
   238    2.371376E-01    9.607177E-03    9.607177E-03    5.897153E+02 
   239    2.381386E-01    9.565953E-03    9.565953E-03    5.897153E+02 
   240    2.391396E-01    9.516894E-03    9.516894E-03    5.897153E+02 
   241    2.401406E-01    9.469009E-03    9.469009E-03    5.897153E+02 
   242    2.411416E-01    9.431107E-03    9.431107E-03    5.897153E+02 
   243    2.421426E-01    9.406519E-03    9.406519E-03    5.897153E+02 
   244    2.431436E-01    9.392551E-03    9.392551E-03    5.897153E+02 
   245    2.441446E-01    9.386199E-03    9.386200E-03    5.897153E+02 
   246    2.451456E-01    9.384462E-03    9.384462E-03    5.897153E+02 
   247    2.461466E-01    9.384384E-03    9.384385E-03    5.897153E+02 
   248    2.471476E-01    9.384384E-03    9.384385E-03    5.897153E+02 
   249    2.481486E-01    9.384384E-03    9.384384E-03    5.897153E+02 
   250    2.491496E-01    9.384384E-03    9.384384E-03    5.897153E+02 
   251    2.501506E-01    9.384384E-03    9.384384E-03    5.897153E+02 
   252    2.511516E-01    9.384384E-03    9.384384E-03    5.897153E+02 
   253    2.521526E-01    9.384384E-03    9.384384E-03    5.897153E+02 
   254    2.531536E-01    9.384384E-03    9.384384E-03    5.897153E+02 
   255    2.541546E-01    9.384384E-03    9.384384E-03    5.897153E+02 
   256    2.551556E-01    9.384384E-03    9.384384E-03    5.897153E+02 
   257    2.561566E-01    9.384384E-03    9.384384E-03    5.897153E+02 
   258    2.571576E-01    9.384384E-03    9.384384E-03    5.897153E+02 
   259    2.581586E-01    9.384384E-03    9.384384E-03    5.897153E+02 
   260    2.591596E-01    9.384384E-03    9.384384E-03    5.897153E+02 
   261    2.601606E-01    9.384384E-03    9.384384E-03    5.897153E+02 
   262    2.611616E-01    9.384384E-03    9.384384E-03    5.897153E+02 
   263    2.621626E-01    9.384384E-03    9.384384E-03    5.897153E+02 
   264    2.631636E-01    9.384384E-03    9.384384E-03    5.897153E+02 
   265    2.641646E-01    9.384384E-03    9.384384E-03    5.897153E+02 
   266    2.651656E-01    9.384384E-03    9.384384E-03    5.897153E+02 
   267    2.661666E-01    9.384384E-03    9.384384E-03    5.897153E+02 
   268    2.671676E-01    9.384384E-03    9.384384E-03    5.897153E+02 
   269    2.681686E-01    9.384384E-03    9.384384E-03    5.897153E+02 
   270    2.691696E-01    9.384384E-03    9.384384E-03    5.897153E+02 
   271    2.701706E-01    9.384384E-03    9.384384E-03    5.897153E+02 
   272    2.711716E-01    9.384384E-03    9.384385E-03    5.897153E+02 
   273    2.721726E-01    9.384384E-03    9.384385E-03    5.897153E+02 
   274    2.731736E-01    9.384384E-03    9.384385E-03    5.897153E+02 
   275    2.741746E-01    9.384384E-03    9.384385E-03    5.897153E+02 
   276    2.751756E-01    9.384384E-03    9.384385E-03    5.897153E+02 
   277    2.761766E-01    9.384384E-03    9.384385E-03    5.897153E+02 
   278    2.771776E-01    9.384384E-03    9.384384E-03    5.897153E+02 
   279    2.781786E-01    9.384384E-03    9.384384E-03    5.897153E+02 
   280    2.791796E-01    9.384384E-03    9.384384E-03    5.897153E+02 
   281    2.801806E-01    9.384384E-03    9.384384E-03    5.897153E+02 
   282    2.811816E-01    9.384384E-03    9.384384E-03    5.897153E+02 
   283    2.821826E-01    9.384384E-03    9.384384E-03    5.897153E+02 
   284    2.831836E-01    9.384384E-03    9.384384E-03    5.897153E+02 
   285    2.841846E-01    9.384384E-03    9.384384E-03    5.897153E+02 
   286    2.851856E-01    9.384384E-03    9.384384E-03    5.897153E+02 
   287    2.861866E-01    9.384384E-03    9.384384E-03    5.897153E+02 
   288    2.871876E-01    9.384384E-03    9.384384E-03    5.897153E+02 
   289    2.881886E-01    9.384384E-03    9.384384E-03    5.897153E+02 
   290    2.891896E-01    9.384384E-03    9.384384E-03    5.897153E+02 
   291    2.901906E-01    9.384384E-03    9.384384E-03    5.897153E+02 
   292    2.911916E-01    9.384384E-03    9.384384E-03    5.897153E+02 
   293    2.921926E-01    9.384384E-03    9.384384E-03    5.897153E+02 
   294    2.931936E-01    9.384384E-03    9.384384E-03    5.897153E+02 
   295    2.941946E-01    9.384384E-03    9.384384E-03    5.897153E+02 
   296    2.951956E-01    9.384384E-03    9.384384E-03    5.897153E+02 
   297    2.961966E-01    9.384384E-03    9.384384E-03    5.897153E+02 
   298    2.971976E-01    9.384384E-03    9.384384E-03    5.897153E+02 
   299    2.981986E-01    9.384384E-03    9.384385E-03    5.897153E+02 
   300    2.991996E-01    9.384384E-03    9.384385E-03    5.897153E+02 
   301    3.002006E-01    9.384384E-03    9.384385E-03    5.897153E+02 
   302    3.012016E-01    9.384384E-03    9.384385E-03    5.897153E+02 
   303    3.022026E-01    9.384384E-03    9.384385E-03    5.897153E+02 
   304    3.032036E-01    9.384384E-03    9.384385E-03    5.897153E+02 
   305    3.042046E-01    9.384384E-03    9.384384E-03    5.897153E+02 
   306    3.052056E-01    9.384384E-03    9.384384E-03    5.897153E+02 
   307    3.062066E-01    9.384384E-03    9.384384E-03    5.897153E+02 
   308    3.072076E-01    9.384384E-03    9.384384E-03    5.897153E+02 
   309    3.082086E-01    9.384384E-03    9.384384E-03    5.897153E+02 
   310    3.092096E-01    9.384384E-03    9.384384E-03    5.897153E+02 
   311    3.102106E-01    9.384384E-03    9.384384E-03    5.897153E+02 
   312    3.112116E-01    9.384384E-03    9.384384E-03    5.897153E+02 
   313    3.122126E-01    9.384384E-03    9.384384E-03    5.897153E+02 
   314    3.132136E-01    9.384384E-03    9.384384E-03    5.897153E+02 
   315    3.142146E-01    9.384384E-03    9.384384E-03    5.897153E+02 
   316    3.152156E-01    9.384384E-03    9.384384E-03    5.897153E+02 
   317    3.162166E-01    9.384384E-03    9.384384E-03    5.897153E+02 
   318    3.172176E-01    9.384384E-03    9.384384E-03    5.897153E+02 
   319    3.182186E-01    9.384384E-03    9.384384E-03    5.897153E+02 
   320    3.192196E-01    9.384384E-03    9.384384E-03    5.897153E+02 
   321    3.202206E-01    9.384384E-03    9.384384E-03    5.897153E+02 
   322    3.212216E-01    9.384384E-03    9.384384E-03    5.897153E+02 
   323    3.222226E-01    9.384384E-03    9.384384E-03    5.897153E+02 
   324    3.232236E-01    9.384384E-03    9.384384E-03    5.897153E+02 
   325    3.242247E-01    9.384384E-03    9.384384E-03    5.897153E+02 
   326    3.252257E-01    9.384384E-03    9.384384E-03    5.897153E+02 
   327    3.262267E-01    9.384384E-03    9.384384E-03    5.897153E+02 
   328    3.272277E-01    9.384384E-03    9.384384E-03    5.897153E+02 
   329    3.282287E-01    9.384384E-03    9.384384E-03    5.897153E+02 
   330    3.292297E-01    9.384384E-03    9.384384E-03    5.897153E+02 
   331    3.302307E-01    9.384384E-03    9.384384E-03    5.897153E+02 
   332    3.312317E-01    9.384384E-03    9.384384E-03    5.897153E+02 
   333    3.322327E-01    9.384384E-03    9.384384E-03    5.897153E+02 
   334    3.332337E-01    9.384384E-03    9.384384E-03    5.897153E+02 
   335    3.342347E-01    9.384384E-03    9.384384E-03    5.897153E+02 
   336    3.352357E-01    9.384384E-03    9.384385E-03    5.897153E+02 
   337    3.362367E-01    9.384384E-03    9.384385E-03    5.897153E+02 
   338    3.372377E-01    9.384384E-03    9.384385E-03    5.897153E+02 
   339    3.382387E-01    9.384384E-03    9.384385E-03    5.897153E+02 
   340    3.392397E-01    9.384384E-03    9.384385E-03    5.897153E+02 
   341    3.402407E-01    9.384384E-03    9.384385E-03    5.897153E+02 
   342    3.412417E-01    9.384384E-03    9.384384E-03    5.897153E+02 
   343    3.422427E-01    9.384384E-03    9.384384E-03    5.897153E+02 
   344    3.432437E-01    9.384384E-03    9.384384E-03    5.897153E+02 
   345    3.442447E-01    9.384384E-03    9.384384E-03    5.897153E+02 
   346    3.452457E-01    9.384384E-03    9.384384E-03    5.897153E+02 
   347    3.462467E-01    9.384384E-03    9.384384E-03    5.897153E+02 
   348    3.472477E-01    9.384384E-03    9.384384E-03    5.897153E+02 
   349    3.482487E-01    9.384384E-03    9.384384E-03    5.897153E+02 
   350    3.492497E-01    9.384384E-03    9.384384E-03    5.897153E+02 
   351    3.502507E-01    9.384384E-03    9.384384E-03    5.897153E+02 
   352    3.512517E-01    9.384384E-03    9.384384E-03    5.897153E+02 
   353    3.522527E-01    9.384384E-03    9.384384E-03    5.897153E+02 
   354    3.532537E-01    9.384384E-03    9.384384E-03    5.897153E+02 
   355    3.542547E-01    9.384384E-03    9.384384E-03    5.897153E+02 
   356    3.552557E-01    9.384384E-03    9.384384E-03    5.897153E+02 
   357    3.562567E-01    9.384384E-03    9.384384E-03    5.897153E+02 
   358    3.572577E-01    9.384384E-03    9.384384E-03    5.897153E+02 
   359    3.582587E-01    9.384384E-03    9.384384E-03    5.897153E+02 
   360    3.592597E-01    9.384384E-03    9.384384E-03    5.897153E+02 
   361    3.602607E-01    9.384384E-03    9.384384E-03    5.897153E+02 
   362    3.612617E-01    9.384384E-03    9.384384E-03    5.897153E+02 
   363    3.622627E-01    9.384384E-03    9.384385E-03    5.897153E+02 
   364    3.632637E-01    9.384384E-03    9.384385E-03    5.897153E+02 
   365    3.642647E-01    9.384384E-03    9.384385E-03    5.897153E+02 
   366    3.652657E-01    9.384384E-03    9.384385E-03    5.897153E+02 
   367    3.662667E-01    9.384384E-03    9.384385E-03    5.897153E+02 
   368    3.672677E-01    9.384384E-03    9.384385E-03    5.897153E+02 
   369    3.682687E-01    9.384384E-03    9.384384E-03    5.897153E+02 
   370    3.692697E-01    9.384384E-03    9.384384E-03    5.897153E+02 
   371    3.702707E-01    9.384384E-03    9.384384E-03    5.897153E+02 
   372    3.712717E-01    9.384384E-03    9.384384E-03    5.897153E+02 
   373    3.722727E-01    9.384384E-03    9.384384E-03    5.897153E+02 
   374    3.732737E-01    9.384384E-03    9.384384E-03    5.897153E+02 
   375    3.742747E-01    9.384384E-03    9.384384E-03    5.897153E+02 
   376    3.752757E-01    9.384384E-03    9.384384E-03    5.897153E+02 
   377    3.762767E-01    9.384384E-03    9.384384E-03    5.897153E+02 
   378    3.772777E-01    9.384384E-03    9.384384E-03    5.897153E+02 
   379    3.782787E-01    9.384384E-03    9.384384E-03    5.897153E+02 
   380    3.792797E-01    9.384384E-03    9.384384E-03    5.897153E+02 
   381    3.802807E-01    9.384384E-03    9.384384E-03    5.897153E+02 
   382    3.812817E-01    9.384384E-03    9.384384E-03    5.897153E+02 
   383    3.822827E-01    9.384384E-03    9.384384E-03    5.897153E+02 
   384    3.832837E-01    9.384384E-03    9.384384E-03    5.897153E+02 
   385    3.842847E-01    9.384384E-03    9.384384E-03    5.897153E+02 
   386    3.852857E-01    9.384384E-03    9.384384E-03    5.897153E+02 
   387    3.862867E-01    9.384384E-03    9.384384E-03    5.897153E+02 
   388    3.872877E-01    9.384384E-03    9.384384E-03    5.897153E+02 
   389    3.882887E-01    9.384384E-03    9.384384E-03    5.897153E+02 
   390    3.892897E-01    9.384384E-03    9.384384E-03    5.897153E+02 
   391    3.902907E-01    9.384384E-03    9.384384E-03    5.897153E+02 
   392    3.912917E-01    9.384384E-03    9.384384E-03    5.897153E+02 
   393    3.922927E-01    9.384384E-03    9.384384E-03    5.897153E+02 
   394    3.932937E-01    9.384384E-03    9.384384E-03    5.897153E+02 
   395    3.942947E-01    9.384384E-03    9.384384E-03    5.897153E+02 
   396    3.952957E-01    9.384384E-03    9.384384E-03    5.897153E+02 
   397    3.962967E-01    9.384384E-03    9.384384E-03    5.897153E+02 
   398    3.972977E-01    9.384384E-03    9.384384E-03    5.897153E+02 
   399    3.982987E-01    9.384384E-03    9.384384E-03    5.897153E+02 
   400    3.992997E-01    9.384384E-03    9.384385E-03    5.897153E+02 
   401    4.003007E-01    9.384384E-03    9.384385E-03    5.897153E+02 
   402    4.013017E-01    9.384384E-03    9.384385E-03    5.897153E+02 
   403    4.023027E-01    9.384384E-03    9.384385E-03    5.897153E+02 
   404    4.033037E-01    9.384384E-03    9.384385E-03    5.897153E+02 
   405    4.043047E-01    9.384384E-03    9.384385E-03    5.897153E+02 
   406    4.053057E-01    9.384384E-03    9.384384E-03    5.897153E+02 
   407    4.063067E-01    9.384384E-03    9.384384E-03    5.897153E+02 
   408    4.073077E-01    9.384384E-03    9.384384E-03    5.897153E+02 
   409    4.083087E-01    9.384384E-03    9.384384E-03    5.897153E+02 
   410    4.093097E-01    9.384384E-03    9.384384E-03    5.897153E+02 
   411    4.103107E-01    9.384384E-03    9.384384E-03    5.897153E+02 
   412    4.113117E-01    9.384384E-03    9.384384E-03    5.897153E+02 
   413    4.123127E-01    9.384384E-03    9.384384E-03    5.897153E+02 
   414    4.133137E-01    9.384384E-03    9.384384E-03    5.897153E+02 
   415    4.143147E-01    9.384384E-03    9.384384E-03    5.897153E+02 
   416    4.153157E-01    9.384384E-03    9.384384E-03    5.897153E+02 
   417    4.163167E-01    9.384384E-03    9.384384E-03    5.897153E+02 
   418    4.173177E-01    9.384384E-03    9.384384E-03    5.897153E+02 
   419    4.183187E-01    9.384384E-03    9.384384E-03    5.897153E+02 
   420    4.193197E-01    9.384384E-03    9.384384E-03    5.897153E+02 
   421    4.203207E-01    9.384384E-03    9.384384E-03    5.897153E+02 
   422    4.213217E-01    9.384384E-03    9.384384E-03    5.897153E+02 
   423    4.223227E-01    9.384384E-03    9.384384E-03    5.897153E+02 
   424    4.233237E-01    9.384384E-03    9.384384E-03    5.897153E+02 
   425    4.243248E-01    9.384384E-03    9.384384E-03    5.897153E+02 
   426    4.253258E-01    9.384384E-03    9.384384E-03    5.897153E+02 
   427    4.263268E-01    9.384384E-03    9.384385E-03    5.897153E+02 
   428    4.273278E-01    9.384384E-03    9.384385E-03    5.897153E+02 
   429    4.283288E-01    9.384384E-03    9.384385E-03    5.897153E+02 
   430    4.293298E-01    9.384384E-03    9.384385E-03    5.897153E+02 
   431    4.303308E-01    9.384384E-03    9.384385E-03    5.897153E+02 
   432    4.313318E-01    9.384384E-03    9.384385E-03    5.897153E+02 
   433    4.323328E-01    9.384384E-03    9.384384E-03    5.897153E+02 
   434    4.333338E-01    9.384384E-03    9.384384E-03    5.897153E+02 
   435    4.343348E-01    9.384384E-03    9.384384E-03    5.897153E+02 
   436    4.353358E-01    9.384384E-03    9.384384E-03    5.897153E+02 
   437    4.363368E-01    9.384384E-03    9.384384E-03    5.897153E+02 
   438    4.373378E-01    9.384384E-03    9.384384E-03    5.897153E+02 
   439    4.383388E-01    9.384384E-03    9.384384E-03    5.897153E+02 
   440    4.393398E-01    9.384384E-03    9.384384E-03    5.897153E+02 
   441    4.403408E-01    9.384384E-03    9.384384E-03    5.897153E+02 
   442    4.413418E-01    9.384384E-03    9.384384E-03    5.897153E+02 
   443    4.423428E-01    9.384384E-03    9.384384E-03    5.897153E+02 
   444    4.433438E-01    9.384384E-03    9.384384E-03    5.897153E+02 
   445    4.443448E-01    9.384384E-03    9.384384E-03    5.897153E+02 
   446    4.453458E-01    9.384384E-03    9.384384E-03    5.897153E+02 
   447    4.463468E-01    9.384384E-03    9.384384E-03    5.897153E+02 
   448    4.473478E-01    9.384384E-03    9.384384E-03    5.897153E+02 
   449    4.483488E-01    9.384384E-03    9.384384E-03    5.897153E+02 
   450    4.493498E-01    9.384384E-03    9.384384E-03    5.897153E+02 
   451    4.503508E-01    9.384384E-03    9.384384E-03    5.897153E+02 
   452    4.513518E-01    9.384384E-03    9.384384E-03    5.897153E+02 
   453    4.523528E-01    9.384384E-03    9.384384E-03    5.897153E+02 
   454    4.533538E-01    9.384384E-03    9.384384E-03    5.897153E+02 
   455    4.543548E-01    9.384384E-03    9.384384E-03    5.897153E+02 
   456    4.553558E-01    9.384384E-03    9.384384E-03    5.897153E+02 
   457    4.563568E-01    9.384384E-03    9.384384E-03    5.897153E+02 
   458    4.573578E-01    9.384384E-03    9.384384E-03    5.897153E+02 
   459    4.583588E-01    9.384384E-03    9.384384E-03    5.897153E+02 
   460    4.593598E-01    9.384384E-03    9.384384E-03    5.897153E+02 
   461    4.603608E-01    9.384384E-03    9.384384E-03    5.897153E+02 
   462    4.613618E-01    9.384384E-03    9.384384E-03    5.897153E+02 
   463    4.623628E-01    9.384384E-03    9.384384E-03    5.897153E+02 
   464    4.633638E-01    9.384384E-03    9.384385E-03    5.897153E+02 
   465    4.643648E-01    9.384384E-03    9.384385E-03    5.897153E+02 
   466    4.653658E-01    9.384384E-03    9.384385E-03    5.897153E+02 
   467    4.663668E-01    9.384384E-03    9.384385E-03    5.897153E+02 
   468    4.673678E-01    9.384384E-03    9.384385E-03    5.897153E+02 
   469    4.683688E-01    9.384384E-03    9.384385E-03    5.897153E+02 
   470    4.693698E-01    9.384384E-03    9.384384E-03    5.897153E+02 
   471    4.703708E-01    9.384384E-03    9.384384E-03    5.897153E+02 
   472    4.713718E-01    9.384384E-03    9.384384E-03    5.897153E+02 
   473    4.723728E-01    9.384384E-03    9.384384E-03    5.897153E+02 
   474    4.733738E-01    9.384384E-03    9.384384E-03    5.897153E+02 
   475    4.743748E-01    9.384384E-03    9.384384E-03    5.897153E+02 
   476    4.753758E-01    9.384384E-03    9.384384E-03    5.897153E+02 
   477    4.763768E-01    9.384384E-03    9.384384E-03    5.897153E+02 
   478    4.773778E-01    9.384384E-03    9.384384E-03    5.897153E+02 
   479    4.783788E-01    9.384384E-03    9.384384E-03    5.897153E+02 
   480    4.793798E-01    9.384384E-03    9.384384E-03    5.897153E+02 
   481    4.803808E-01    9.384384E-03    9.384384E-03    5.897153E+02 
   482    4.813818E-01    9.382415E-03   -1.813691E+00    5.897153E+02 
   483    4.823828E-01    9.367773E-03   -1.638729E+01    5.897153E+02 
   484    4.833838E-01    9.320642E-03   -7.810425E+01    5.897153E+02 
   485    4.843848E-01    9.212193E-03   -2.650552E+02    5.897153E+02 
   486    4.853858E-01    9.004589E-03   -7.210441E+02    5.897153E+02 
   487    4.863868E-01    8.658866E-03   -1.656519E+03    5.897153E+02 
   488    4.873878E-01    8.161974E-03   -3.298870E+03    5.897153E+02 
   489    4.883888E-01    7.528325E-03   -5.798662E+03    5.897153E+02 
   490    4.893898E-01    6.799355E-03   -9.142552E+03    5.897153E+02 
   491    5.246491E-01    2.877878E-03   -6.097598E+03    6.302097E+02 
   492    6.629581E-01    1.001001E-03   -3.001869E+03    7.925122E+02 
   493    9.754030E-01    1.001001E-03   -3.858224E+03    1.160649E+03 
   494    1.542121E+00    1.001001E-03   -4.544456E+03    1.829345E+03 
   495    2.469082E+00    1.001001E-03   -4.939801E+03    2.923860E+03 
   496    3.774319E+00    1.001001E-03   -5.155197E+03    4.465510E+03 
   497    5.393217E+00    1.001001E-03   -5.479340E+03    6.377917E+03 
   498    7.311378E+00    1.001001E-03   -6.230302E+03    8.644063E+03 
   499    9.526046E+00    1.001001E-03   -7.777912E+03    1.126069E+04 
   500    4.859270E+00    3.160726E-04   -2.839183E+01    5.743225E+03 
   501    5.006224E+00    2.502503E-04    2.020271E+02    5.915746E+03 
   502    4.864190E+00    3.160726E-04    5.755902E+02    5.746673E+03 
   503    4.328186E+00    2.502503E-04    7.124768E+02    5.111916E+03 
   504    3.344220E+00    2.502503E-04    8.833838E+02    3.947653E+03 
   505    2.182909E+00    2.502503E-04    8.823472E+02    2.573762E+03 
   506    1.218374E+00    2.502503E-04    7.410412E+02    1.432467E+03 
   507    5.707095E-01    2.127127E-03    4.614687E+03    6.657232E+02 
   508    2.356725E-01    9.634635E-03    1.405101E+04    2.685152E+02 
   509    1.342343E-01    8.571071E-03    8.306035E+03    1.474288E+02 
   510    1.352353E-01    8.807808E-03    5.706369E+03    1.474288E+02 
   511    1.362363E-01    9.010010E-03    3.534704E+03    1.474288E+02 
   512    1.372373E-01    9.165666E-03    1.947923E+03    1.474288E+02 
   513    1.382383E-01    9.271772E-03    9.379943E+02    1.474288E+02 
   514    1.392393E-01    9.334334E-03    3.847404E+02    1.474288E+02 
   515    1.402403E-01    9.366366E-03    1.280749E+02    1.474288E+02 
   516    1.412413E-01    9.379880E-03    3.096540E+01    1.474288E+02 
   517    1.422423E-01    9.383884E-03    4.086479E+00    1.474288E+02 
   518    1.432433E-01    9.384384E-03    6.737988E-03    1.474288E+02 
   519    1.442444E-01    9.384384E-03    6.737988E-03    1.474288E+02 
   520    1.452454E-01    9.384384E-03    6.737988E-03    1.474288E+02 
   521    1.462464E-01    9.384384E-03    6.737988E-03    1.474288E+02 
   522    1.472474E-01    9.384384E-03    6.737988E-03    1.474288E+02 
   523    1.482484E-01    9.384384E-03    6.737988E-03    1.474288E+02 
   524    1.492494E-01    9.384384E-03    6.737988E-03    1.474288E+02 
   525    1.502504E-01    9.384384E-03    6.737988E-03    1.474288E+02 
   526    1.512514E-01    9.384384E-03    6.737988E-03    1.474288E+02 
   527    1.522524E-01    9.384384E-03    6.737988E-03    1.474288E+02 
   528    1.532534E-01    9.384384E-03    6.737988E-03    1.474288E+02 
   529    1.542544E-01    9.384384E-03    6.737988E-03    1.474288E+02 
   530    1.552554E-01    9.384384E-03    6.737988E-03    1.474288E+02 
   531    1.562564E-01    9.384384E-03    6.737988E-03    1.474288E+02 
   532    1.572574E-01    9.384384E-03    6.737988E-03    1.474288E+02 
   533    1.582584E-01    9.384384E-03    6.737988E-03    1.474288E+02 
   534    1.592594E-01    9.384384E-03    6.737988E-03    1.474288E+02 
   535    1.602604E-01    9.384384E-03    6.737988E-03    1.474288E+02 
   536    1.612614E-01    9.384384E-03    6.737988E-03    1.474288E+02 
   537    1.622624E-01    9.384384E-03    6.737988E-03    1.474288E+02 
   538    1.632634E-01    9.384384E-03    6.737988E-03    1.474288E+02 
   539    1.642644E-01    9.384384E-03    6.737988E-03    1.474288E+02 
   540    1.652654E-01    9.384384E-03    6.737988E-03    1.474288E+02 
   541    1.662664E-01    9.384384E-03    6.737988E-03    1.474288E+02 
   542    1.672674E-01    9.384384E-03    6.737988E-03    1.474288E+02 
   543    1.682684E-01    9.384384E-03    6.737988E-03    1.474288E+02 
   544    1.692694E-01    9.384384E-03    6.737988E-03    1.474288E+02 
   545    1.702704E-01    9.384384E-03    6.737988E-03    1.474288E+02 
   546    1.712714E-01    9.384384E-03    6.737988E-03    1.474288E+02 
   547    1.722724E-01    9.384384E-03    6.737988E-03    1.474288E+02 
   548    1.732734E-01    9.384384E-03    6.737988E-03    1.474288E+02 
   549    1.742744E-01    9.384384E-03    6.737988E-03    1.474288E+02 
   550    1.752754E-01    9.384384E-03    6.737988E-03    1.474288E+02 
   551    1.762764E-01    9.384384E-03    6.737988E-03    1.474288E+02 
   552    1.772774E-01    9.384384E-03    6.737988E-03    1.474288E+02 
   553    1.782784E-01    9.384384E-03    6.737988E-03    1.474288E+02 
   554    1.792794E-01    9.384384E-03    6.737988E-03    1.474288E+02 
   555    1.802804E-01    9.384384E-03    6.737988E-03    1.474288E+02 
   556    1.812814E-01    9.384384E-03    6.737988E-03    1.474288E+02 
   557    1.822824E-01    9.384384E-03    6.737988E-03    1.474288E+02 
   558    1.832834E-01    9.384384E-03    6.737988E-03    1.474288E+02 
   559    1.842844E-01    9.384384E-03    6.737988E-03    1.474288E+02 
   560    1.852854E-01    9.384384E-03    6.737988E-03    1.474288E+02 
   561    1.862864E-01    9.384384E-03    6.737988E-03    1.474288E+02 
   562    1.872874E-01    9.384384E-03    6.737988E-03    1.474288E+02 
   563    1.882884E-01    9.384384E-03    6.737988E-03    1.474288E+02 
   564    1.892894E-01    9.384384E-03    6.737988E-03    1.474288E+02 
   565    1.902904E-01    9.384384E-03    6.737988E-03    1.474288E+02 
   566    1.912914E-01    9.384384E-03    6.737988E-03    1.474288E+02 
   567    1.922924E-01    9.384384E-03    6.737988E-03    1.474288E+02 
   568    1.932934E-01    9.384384E-03    6.737988E-03    1.474288E+02 
   569    1.942944E-01    9.384384E-03    6.737988E-03    1.474288E+02 
   570    1.952954E-01    9.384384E-03    6.737988E-03    1.474288E+02 
   571    1.962964E-01    9.384384E-03    6.737988E-03    1.474288E+02 
   572    1.972974E-01    9.384384E-03    6.737988E-03    1.474288E+02 
   573    1.982984E-01    9.384384E-03    6.737988E-03    1.474288E+02 
   574    1.992994E-01    9.384384E-03    6.737988E-03    1.474288E+02 
   575    2.003004E-01    9.384384E-03    6.737988E-03    1.474288E+02 
   576    2.013014E-01    9.384384E-03    6.737988E-03    1.474288E+02 
   577    2.023024E-01    9.384384E-03    6.737988E-03    1.474288E+02 
   578    2.033034E-01    9.384384E-03    6.737988E-03    1.474288E+02 
   579    2.043044E-01    9.384384E-03    6.737988E-03    1.474288E+02 
   580    2.053054E-01    9.384384E-03    6.737988E-03    1.474288E+02 
   581    2.063064E-01    9.384384E-03    6.737988E-03    1.474288E+02 
   582    2.073074E-01    9.384384E-03    6.737988E-03    1.474288E+02 
   583    2.083084E-01    9.384384E-03    6.737988E-03    1.474288E+02 
   584    2.093094E-01    9.384384E-03    6.737988E-03    1.474288E+02 
   585    2.103104E-01    9.384384E-03    6.737988E-03    1.474288E+02 
   586    2.113114E-01    9.384384E-03    6.737988E-03    1.474288E+02 
   587    2.123124E-01    9.384384E-03    6.737988E-03    1.474288E+02 
   588    2.133134E-01    9.384384E-03    6.737988E-03    1.474288E+02 
   589    2.143144E-01    9.384384E-03    6.737988E-03    1.474288E+02 
   590    2.153154E-01    9.384384E-03    6.737988E-03    1.474288E+02 
   591    2.163164E-01    9.384384E-03    6.737988E-03    1.474288E+02 
   592    2.173174E-01    9.384384E-03    6.737988E-03    1.474288E+02 
   593    2.183184E-01    9.384384E-03    6.737988E-03    1.474288E+02 
   594    2.193194E-01    9.384384E-03    6.737988E-03    1.474288E+02 
   595    2.203204E-01    9.384384E-03    6.737988E-03    1.474288E+02 
   596    2.213214E-01    9.384384E-03    6.737988E-03    1.474288E+02 
   597    2.223224E-01    9.384384E-03    6.737988E-03    1.474288E+02 
   598    2.233234E-01    9.384384E-03    6.737988E-03    1.474288E+02 
   599    2.243244E-01    9.384384E-03    6.737988E-03    1.474288E+02 
   600    2.253254E-01    9.384384E-03    6.737988E-03    1.474288E+02 
   601    2.263264E-01    9.384530E-03    6.738093E-03    1.474288E+02 
   602    2.273274E-01    9.386688E-03    6.739642E-03    1.474288E+02 
   603    2.283284E-01    9.393840E-03    6.744777E-03    1.474288E+02 
   604    2.293294E-01    9.408990E-03    6.755655E-03    1.474288E+02 
   605    2.303304E-01    9.435141E-03    6.774431E-03    1.474288E+02 
   606    2.313314E-01    9.474711E-03    6.802843E-03    1.474288E+02 
   607    2.323324E-01    9.523245E-03    6.837690E-03    1.474288E+02 
   608    2.333334E-01    9.571808E-03    6.872558E-03    1.474288E+02 
   609    2.343344E-01    9.611393E-03    6.900980E-03    1.474288E+02 
   610    2.353354E-01    9.632990E-03    6.916487E-03    1.474288E+02 
   611    2.363364E-01    9.628466E-03    6.913239E-03    1.474288E+02 
   612    2.373374E-01    9.600003E-03    6.892802E-03    1.474288E+02 
   613    2.383384E-01    9.556495E-03    6.861563E-03    1.474288E+02 
   614    2.393394E-01    9.506951E-03    6.825991E-03    1.474288E+02 
   615    2.403404E-01    9.460379E-03    6.792552E-03    1.474288E+02 
   616    2.413414E-01    9.425205E-03    6.767297E-03    1.474288E+02 
   617    2.423424E-01    9.402977E-03    6.751338E-03    1.474288E+02 
   618    2.433434E-01    9.390770E-03    6.742573E-03    1.474288E+02 
   619    2.443445E-01    9.385580E-03    6.738846E-03    1.474288E+02 
   620    2.453455E-01    9.384403E-03    6.738002E-03    1.474288E+02 
   621    2.463465E-01    9.384384E-03    6.737988E-03    1.474288E+02 
   622    2.473475E-01    9.384384E-03    6.737988E-03    1.474288E+02 
   623    2.483485E-01    9.384384E-03    6.737988E-03    1.474288E+02 
   624    2.493495E-01    9.384384E-03    6.737988E-03    1.474288E+02 
   625    2.503505E-01    9.384384E-03    6.737988E-03    1.474288E+02 
   626    2.513515E-01    9.384384E-03    6.737988E-03    1.474288E+02 
   627    2.523525E-01    9.384384E-03    6.737988E-03    1.474288E+02 
   628    2.533535E-01    9.384384E-03    6.737988E-03    1.474288E+02 
   629    2.543545E-01    9.384384E-03    6.737988E-03    1.474288E+02 
   630    2.553555E-01    9.384384E-03    6.737988E-03    1.474288E+02 
   631    2.563565E-01    9.384384E-03    6.737988E-03    1.474288E+02 
   632    2.573575E-01    9.384384E-03    6.737988E-03    1.474288E+02 
   633    2.583585E-01    9.384384E-03    6.737988E-03    1.474288E+02 
   634    2.593595E-01    9.384384E-03    6.737988E-03    1.474288E+02 
   635    2.603605E-01    9.384384E-03    6.737988E-03    1.474288E+02 
   636    2.613615E-01    9.384384E-03    6.737988E-03    1.474288E+02 
   637    2.623625E-01    9.384384E-03    6.737988E-03    1.474288E+02 
   638    2.633635E-01    9.384384E-03    6.737988E-03    1.474288E+02 
   639    2.643645E-01    9.384384E-03    6.737988E-03    1.474288E+02 
   640    2.653655E-01    9.384384E-03    6.737988E-03    1.474288E+02 
   641    2.663665E-01    9.384384E-03    6.737988E-03    1.474288E+02 
   642    2.673675E-01    9.384384E-03    6.737988E-03    1.474288E+02 
   643    2.683685E-01    9.384384E-03    6.737988E-03    1.474288E+02 
   644    2.693695E-01    9.384384E-03    6.737988E-03    1.474288E+02 
   645    2.703705E-01    9.384384E-03    6.737988E-03    1.474288E+02 
   646    2.713715E-01    9.384384E-03    6.737988E-03    1.474288E+02 
   647    2.723725E-01    9.384384E-03    6.737988E-03    1.474288E+02 
   648    2.733735E-01    9.384384E-03    6.737988E-03    1.474288E+02 
   649    2.743745E-01    9.384384E-03    6.737988E-03    1.474288E+02 
   650    2.753755E-01    9.384384E-03    6.737988E-03    1.474288E+02 
   651    2.763765E-01    9.384384E-03    6.737988E-03    1.474288E+02 
   652    2.773775E-01    9.384384E-03    6.737988E-03    1.474288E+02 
   653    2.783785E-01    9.384384E-03    6.737988E-03    1.474288E+02 
   654    2.793795E-01    9.384384E-03    6.737988E-03    1.474288E+02 
   655    2.803805E-01    9.384384E-03    6.737988E-03    1.474288E+02 
   656    2.813815E-01    9.384384E-03    6.737988E-03    1.474288E+02 
   657    2.823825E-01    9.384384E-03    6.737988E-03    1.474288E+02 
   658    2.833835E-01    9.384384E-03    6.737988E-03    1.474288E+02 
   659    2.843845E-01    9.384384E-03    6.737988E-03    1.474288E+02 
   660    2.853855E-01    9.384384E-03    6.737988E-03    1.474288E+02 
   661    2.863865E-01    9.384384E-03    6.737988E-03    1.474288E+02 
   662    2.873875E-01    9.384384E-03    6.737988E-03    1.474288E+02 
   663    2.883885E-01    9.384384E-03    6.737988E-03    1.474288E+02 
   664    2.893895E-01    9.384384E-03    6.737988E-03    1.474288E+02 
   665    2.903905E-01    9.384384E-03    6.737988E-03    1.474288E+02 
   666    2.913915E-01    9.384384E-03    6.737988E-03    1.474288E+02 
   667    2.923925E-01    9.384384E-03    6.737988E-03    1.474288E+02 
   668    2.933935E-01    9.384384E-03    6.737988E-03    1.474288E+02 
   669    2.943945E-01    9.384384E-03    6.737988E-03    1.474288E+02 
   670    2.953955E-01    9.384384E-03    6.737988E-03    1.474288E+02 
   671    2.963965E-01    9.384384E-03    6.737988E-03    1.474288E+02 
   672    2.973975E-01    9.384384E-03    6.737988E-03    1.474288E+02 
   673    2.983985E-01    9.384384E-03    6.737988E-03    1.474288E+02 
   674    2.993995E-01    9.384384E-03    6.737988E-03    1.474288E+02 
   675    3.004005E-01    9.384384E-03    6.737988E-03    1.474288E+02 
   676    3.014015E-01    9.384384E-03    6.737988E-03    1.474288E+02 
   677    3.024025E-01    9.384384E-03    6.737988E-03    1.474288E+02 
   678    3.034035E-01    9.384384E-03    6.737988E-03    1.474288E+02 
   679    3.044045E-01    9.384384E-03    6.737988E-03    1.474288E+02 
   680    3.054055E-01    9.384384E-03    6.737988E-03    1.474288E+02 
   681    3.064065E-01    9.384384E-03    6.737988E-03    1.474288E+02 
   682    3.074075E-01    9.384384E-03    6.737988E-03    1.474288E+02 
   683    3.084085E-01    9.384384E-03    6.737988E-03    1.474288E+02 
   684    3.094095E-01    9.384384E-03    6.737988E-03    1.474288E+02 
   685    3.104105E-01    9.384384E-03    6.737988E-03    1.474288E+02 
   686    3.114115E-01    9.384384E-03    6.737988E-03    1.474288E+02 
   687    3.124125E-01    9.384384E-03    6.737988E-03    1.474288E+02 
   688    3.134135E-01    9.384384E-03    6.737988E-03    1.474288E+02 
   689    3.144145E-01    9.384384E-03    6.737988E-03    1.474288E+02 
   690    3.154155E-01    9.384384E-03    6.737988E-03    1.474288E+02 
   691    3.164165E-01    9.384384E-03    6.737988E-03    1.474288E+02 
   692    3.174175E-01    9.384384E-03    6.737988E-03    1.474288E+02 
   693    3.184185E-01    9.384384E-03    6.737988E-03    1.474288E+02 
   694    3.194195E-01    9.384384E-03    6.737988E-03    1.474288E+02 
   695    3.204205E-01    9.384384E-03    6.737988E-03    1.474288E+02 
   696    3.214215E-01    9.384384E-03    6.737988E-03    1.474288E+02 
   697    3.224225E-01    9.384384E-03    6.737988E-03    1.474288E+02 
   698    3.234235E-01    9.384384E-03    6.737988E-03    1.474288E+02 
   699    3.244245E-01    9.384384E-03    6.737988E-03    1.474288E+02 
   700    3.254255E-01    9.384384E-03    6.737988E-03    1.474288E+02 
   701    3.264265E-01    9.384384E-03    6.737988E-03    1.474288E+02 
   702    3.274275E-01    9.384384E-03    6.737988E-03    1.474288E+02 
   703    3.284285E-01    9.384384E-03    6.737988E-03    1.474288E+02 
   704    3.294295E-01    9.384384E-03    6.737988E-03    1.474288E+02 
   705    3.304305E-01    9.384384E-03    6.737988E-03    1.474288E+02 
   706    3.314315E-01    9.384384E-03    6.737988E-03    1.474288E+02 
   707    3.324325E-01    9.384384E-03    6.737988E-03    1.474288E+02 
   708    3.334335E-01    9.384384E-03    6.737988E-03    1.474288E+02 
   709    3.344345E-01    9.384384E-03    6.737988E-03    1.474288E+02 
   710    3.354355E-01    9.384384E-03    6.737988E-03    1.474288E+02 
   711    3.364365E-01    9.384384E-03    6.737988E-03    1.474288E+02 
   712    3.374375E-01    9.384384E-03    6.737988E-03    1.474288E+02 
   713    3.384385E-01    9.384384E-03    6.737988E-03    1.474288E+02 
   714    3.394395E-01    9.384384E-03    6.737988E-03    1.474288E+02 
   715    3.404405E-01    9.384384E-03    6.737988E-03    1.474288E+02 
   716    3.414415E-01    9.384384E-03    6.737988E-03    1.474288E+02 
   717    3.424425E-01    9.384384E-03    6.737988E-03    1.474288E+02 
   718    3.434436E-01    9.384384E-03    6.737988E-03    1.474288E+02 
   719    3.444446E-01    9.384384E-03    6.737988E-03    1.474288E+02 
   720    3.454456E-01    9.384384E-03    6.737988E-03    1.474288E+02 
   721    3.464466E-01    9.384384E-03    6.737988E-03    1.474288E+02 
   722    3.474476E-01    9.384384E-03    6.737988E-03    1.474288E+02 
   723    3.484486E-01    9.384384E-03    6.737988E-03    1.474288E+02 
   724    3.494496E-01    9.384384E-03    6.737988E-03    1.474288E+02 
   725    3.504506E-01    9.384384E-03    6.737988E-03    1.474288E+02 
   726    3.514516E-01    9.384384E-03    6.737988E-03    1.474288E+02 
   727    3.524526E-01    9.384384E-03    6.737988E-03    1.474288E+02 
   728    3.534536E-01    9.384384E-03    6.737988E-03    1.474288E+02 
   729    3.544546E-01    9.384384E-03    6.737988E-03    1.474288E+02 
   730    3.554556E-01    9.384384E-03    6.737988E-03    1.474288E+02 
   731    3.564566E-01    9.384384E-03    6.737988E-03    1.474288E+02 
   732    3.574576E-01    9.384384E-03    6.737988E-03    1.474288E+02 
   733    3.584586E-01    9.384384E-03    6.737988E-03    1.474288E+02 
   734    3.594596E-01    9.384384E-03    6.737988E-03    1.474288E+02 
   735    3.604606E-01    9.384384E-03    6.737988E-03    1.474288E+02 
   736    3.614616E-01    9.384384E-03    6.737988E-03    1.474288E+02 
   737    3.624626E-01    9.384384E-03    6.737988E-03    1.474288E+02 
   738    3.634636E-01    9.384384E-03    6.737988E-03    1.474288E+02 
   739    3.644646E-01    9.384384E-03    6.737988E-03    1.474288E+02 
   740    3.654656E-01    9.384384E-03    6.737988E-03    1.474288E+02 
   741    3.664666E-01    9.384384E-03    6.737988E-03    1.474288E+02 
   742    3.674676E-01    9.384384E-03    6.737988E-03    1.474288E+02 
   743    3.684686E-01    9.384384E-03    6.737988E-03    1.474288E+02 
   744    3.694696E-01    9.384384E-03    6.737988E-03    1.474288E+02 
   745    3.704706E-01    9.384384E-03    6.737988E-03    1.474288E+02 
   746    3.714716E-01    9.384384E-03    6.737988E-03    1.474288E+02 
   747    3.724726E-01    9.384384E-03    6.737988E-03    1.474288E+02 
   748    3.734736E-01    9.384384E-03    6.737988E-03    1.474288E+02 
   749    3.744746E-01    9.384384E-03    6.737988E-03    1.474288E+02 
   750    3.754756E-01    9.384384E-03    6.737988E-03    1.474288E+02 
   751    3.764766E-01    9.384384E-03    6.737988E-03    1.474288E+02 
   752    3.774776E-01    9.384384E-03    6.737988E-03    1.474288E+02 
   753    3.784786E-01    9.384384E-03    6.737988E-03    1.474288E+02 
   754    3.794796E-01    9.384384E-03    6.737988E-03    1.474288E+02 
   755    3.804806E-01    9.384384E-03    6.737988E-03    1.474288E+02 
   756    3.814816E-01    9.384384E-03    6.737988E-03    1.474288E+02 
   757    3.824826E-01    9.384384E-03    6.737988E-03    1.474288E+02 
   758    3.834836E-01    9.384384E-03    6.737988E-03    1.474288E+02 
   759    3.844846E-01    9.384384E-03    6.737988E-03    1.474288E+02 
   760    3.854856E-01    9.384384E-03    6.737988E-03    1.474288E+02 
   761    3.864866E-01    9.384384E-03    6.737988E-03    1.474288E+02 
   762    3.874876E-01    9.384384E-03    6.737988E-03    1.474288E+02 
   763    3.884886E-01    9.384384E-03    6.737988E-03    1.474288E+02 
   764    3.894896E-01    9.384384E-03    6.737988E-03    1.474288E+02 
   765    3.904906E-01    9.384384E-03    6.737988E-03    1.474288E+02 
   766    3.914916E-01    9.384384E-03    6.737988E-03    1.474288E+02 
   767    3.924926E-01    9.384384E-03    6.737988E-03    1.474288E+02 
   768    3.934936E-01    9.384384E-03    6.737988E-03    1.474288E+02 
   769    3.944946E-01    9.384384E-03    6.737988E-03    1.474288E+02 
   770    3.954956E-01    9.384384E-03    6.737988E-03    1.474288E+02 
   771    3.964966E-01    9.384384E-03    6.737988E-03    1.474288E+02 
   772    3.974976E-01    9.384384E-03    6.737988E-03    1.474288E+02 
   773    3.984986E-01    9.384384E-03    6.737988E-03    1.474288E+02 
   774    3.994996E-01    9.384384E-03    6.737988E-03    1.474288E+02 
   775    4.005006E-01    9.384384E-03    6.737988E-03    1.474288E+02 
   776    4.015016E-01    9.384384E-03    6.737988E-03    1.474288E+02 
   777    4.025026E-01    9.384384E-03    6.737988E-03    1.474288E+02 
   778    4.035036E-01    9.384384E-03    6.737988E-03    1.474288E+02 
   779    4.045046E-01    9.384384E-03    6.737988E-03    1.474288E+02 
   780    4.055056E-01    9.384384E-03    6.737988E-03    1.474288E+02 
   781    4.065066E-01    9.384384E-03    6.737988E-03    1.474288E+02 
   782    4.075076E-01    9.384384E-03    6.737988E-03    1.474288E+02 
   783    4.085086E-01    9.384384E-03    6.737988E-03    1.474288E+02 
   784    4.095096E-01    9.384384E-03    6.737988E-03    1.474288E+02 
   785    4.105106E-01    9.384384E-03    6.737988E-03    1.474288E+02 
   786    4.115116E-01    9.384384E-03    6.737988E-03    1.474288E+02 
   787    4.125126E-01    9.384384E-03    6.737988E-03    1.474288E+02 
   788    4.135136E-01    9.384384E-03    6.737988E-03    1.474288E+02 
   789    4.145146E-01    9.384384E-03    6.737988E-03    1.474288E+02 
   790    4.155156E-01    9.384384E-03    6.737988E-03    1.474288E+02 
   791    4.165166E-01    9.384384E-03    6.737988E-03    1.474288E+02 
   792    4.175176E-01    9.384384E-03    6.737988E-03    1.474288E+02 
   793    4.185186E-01    9.384384E-03    6.737988E-03    1.474288E+02 
   794    4.195196E-01    9.384384E-03    6.737988E-03    1.474288E+02 
   795    4.205206E-01    9.384384E-03    6.737988E-03    1.474288E+02 
   796    4.215216E-01    9.384384E-03    6.737988E-03    1.474288E+02 
   797    4.225226E-01    9.384384E-03    6.737988E-03    1.474288E+02 
   798    4.235236E-01    9.384384E-03    6.737988E-03    1.474288E+02 
   799    4.245246E-01    9.384384E-03    6.737988E-03    1.474288E+02 
   800    4.255256E-01    9.384384E-03    6.737988E-03    1.474288E+02 
   801    4.265266E-01    9.384384E-03    6.737988E-03    1.474288E+02 
   802    4.275276E-01    9.384384E-03    6.737988E-03    1.474288E+02 
   803    4.285286E-01    9.384384E-03    6.737988E-03    1.474288E+02 
   804    4.295296E-01    9.384384E-03    6.737988E-03    1.474288E+02 
   805    4.305306E-01    9.384384E-03    6.737988E-03    1.474288E+02 
   806    4.315316E-01    9.384384E-03    6.737988E-03    1.474288E+02 
   807    4.325326E-01    9.384384E-03    6.737988E-03    1.474288E+02 
   808    4.335336E-01    9.384384E-03    6.737988E-03    1.474288E+02 
   809    4.345346E-01    9.384384E-03    6.737988E-03    1.474288E+02 
   810    4.355356E-01    9.384384E-03    6.737988E-03    1.474288E+02 
   811    4.365366E-01    9.384384E-03    6.737988E-03    1.474288E+02 
   812    4.375376E-01    9.384384E-03    6.737988E-03    1.474288E+02 
   813    4.385386E-01    9.384384E-03    6.737988E-03    1.474288E+02 
   814    4.395396E-01    9.384384E-03    6.737988E-03    1.474288E+02 
   815    4.405406E-01    9.384384E-03    6.737988E-03    1.474288E+02 
   816    4.415416E-01    9.384384E-03    6.737988E-03    1.474288E+02 
   817    4.425426E-01    9.384384E-03    6.737988E-03    1.474288E+02 
   818    4.435437E-01    9.384384E-03    6.737988E-03    1.474288E+02 
   819    4.445447E-01    9.384384E-03    6.737988E-03    1.474288E+02 
   820    4.455457E-01    9.384384E-03    6.737988E-03    1.474288E+02 
   821    4.465467E-01    9.384384E-03    6.737988E-03    1.474288E+02 
   822    4.475477E-01    9.384384E-03    6.737988E-03    1.474288E+02 
   823    4.485487E-01    9.384384E-03    6.737988E-03    1.474288E+02 
   824    4.495497E-01    9.384384E-03    6.737988E-03    1.474288E+02 
   825    4.505507E-01    9.384384E-03    6.737988E-03    1.474288E+02 
   826    4.515517E-01    9.384384E-03    6.737988E-03    1.474288E+02 
   827    4.525527E-01    9.384384E-03    6.737988E-03    1.474288E+02 
   828    4.535537E-01    9.384384E-03    6.737988E-03    1.474288E+02 
   829    4.545547E-01    9.384384E-03    6.737988E-03    1.474288E+02 
   830    4.555557E-01    9.384384E-03    6.737988E-03    1.474288E+02 
   831    4.565567E-01    9.384384E-03    6.737988E-03    1.474288E+02 
   832    4.575577E-01    9.384384E-03    6.737988E-03    1.474288E+02 
   833    4.585587E-01    9.384384E-03    6.737988E-03    1.474288E+02 
   834    4.595597E-01    9.384384E-03    6.737988E-03    1.474288E+02 
   835    4.605607E-01    9.384384E-03    6.737988E-03    1.474288E+02 
   836    4.615617E-01    9.384384E-03    6.737988E-03    1.474288E+02 
   837    4.625627E-01    9.384384E-03    6.737988E-03    1.474288E+02 
   838    4.635637E-01    9.384384E-03    6.737988E-03    1.474288E+02 
   839    4.645647E-01    9.384384E-03    6.737988E-03    1.474288E+02 
   840    4.655657E-01    9.384384E-03    6.737988E-03    1.474288E+02 
   841    4.665667E-01    9.384384E-03    6.737988E-03    1.474288E+02 
   842    4.675677E-01    9.384384E-03    6.737988E-03    1.474288E+02 
   843    4.685687E-01    9.384384E-03    6.737988E-03    1.474288E+02 
   844    4.695697E-01    9.384384E-03    6.737988E-03    1.474288E+02 
   845    4.705707E-01    9.384384E-03    6.737988E-03    1.474288E+02 
   846    4.715717E-01    9.384384E-03    6.737988E-03    1.474288E+02 
   847    4.725727E-01    9.384384E-03    6.737988E-03    1.474288E+02 
   848    4.735737E-01    9.384384E-03    6.737988E-03    1.474288E+02 
   849    4.745747E-01    9.384384E-03    6.737988E-03    1.474288E+02 
   850    4.755757E-01    9.384384E-03    6.737988E-03    1.474288E+02 
   851    4.765767E-01    9.384384E-03    6.737988E-03    1.474288E+02 
   852    4.775777E-01    9.384384E-03    6.737988E-03    1.474288E+02 
   853    4.785787E-01    9.384384E-03    6.737988E-03    1.474288E+02 
   854    4.795797E-01    9.384384E-03    6.737988E-03    1.474288E+02 
   855    4.805807E-01    9.384368E-03    6.737976E-03    1.474288E+02 
   856    4.815817E-01    9.381020E-03    6.735572E-03    1.474288E+02 
   857    4.825827E-01    9.361762E-03    6.721745E-03    1.474288E+02 
   858    4.835837E-01    9.304978E-03    6.680974E-03    1.474288E+02 
   859    4.845847E-01    9.180041E-03    6.591270E-03    1.474288E+02 
   860    4.855857E-01    8.947379E-03    6.424219E-03    1.474288E+02 
   861    4.865867E-01    8.571615E-03    6.154420E-03    1.474288E+02 
   862    4.875877E-01    8.045401E-03    5.776598E-03    1.474288E+02 
   863    4.885887E-01    7.388543E-03    5.304974E-03    1.474288E+02 
   864    4.895897E-01    6.647877E-03    4.773176E-03    1.474288E+02 
   865    4.905907E-01    5.897168E-03    4.234167E-03    1.474288E+02 
   866    4.915917E-01    5.217296E-03    3.746019E-03    1.474288E+02 
   867    4.925927E-01    4.658885E-03    3.345080E-03    1.474288E+02 
   868    4.935937E-01    4.242367E-03    3.046019E-03    1.474288E+02 
   869    4.945947E-01    3.958144E-03    2.841947E-03    1.474288E+02 
   870    4.955957E-01    3.766652E-03    2.704456E-03    1.474288E+02 
   871    4.965967E-01    3.611934E-03    2.593368E-03    1.474288E+02 
   872    4.975977E-01    3.451944E-03    2.478495E-03    1.474288E+02 
   873    4.985987E-01    3.262654E-03    2.342586E-03    1.474288E+02 
   874    4.995997E-01    3.038057E-03    2.181325E-03    1.474288E+02 
   875    5.006007E-01    2.790143E-03    2.003323E-03    1.474288E+02 
   876    5.016017E-01    2.544976E-03    1.827293E-03    1.474288E+02 
   877    5.026027E-01    2.327018E-03    1.670799E-03    1.474288E+02 
   878    5.036037E-01    2.151884E-03    1.545053E-03    1.474288E+02 
   879    5.046047E-01    2.026179E-03    1.454797E-03    1.474288E+02 
   880    5.056057E-01    1.947501E-03    1.398306E-03    1.474288E+02 
   881    5.066067E-01    1.904870E-03    1.367696E-03    1.474288E+02 
   882    5.076077E-01    1.885200E-03    1.353574E-03    1.474288E+02 
   883    5.086087E-01    1.878282E-03    1.348606E-03    1.474288E+02 
   884    5.096097E-01    1.876909E-03    1.347621E-03    1.474288E+02 
   885    5.106107E-01    1.876877E-03    1.347598E-03    1.474288E+02 
   886    5.116117E-01    1.876877E-03    1.347598E-03    1.474288E+02 
   887    5.126127E-01    1.876877E-03    1.347598E-03    1.474288E+02 
   888    5.136137E-01    1.876877E-03    1.347598E-03    1.474288E+02 
   889    5.146147E-01    1.876877E-03    1.347598E-03    1.474288E+02 
   890    5.156157E-01    1.878736E-03    1.348933E-03    1.474288E+02 
   891    5.166167E-01    1.892315E-03    1.358682E-03    1.474288E+02 
   892    5.176177E-01    1.929626E-03    1.385471E-03    1.474288E+02 
   893    5.186187E-01    2.002680E-03    1.437924E-03    1.474288E+02 
   894    5.196197E-01    2.123490E-03    1.524666E-03    1.474288E+02 
   895    5.206207E-01    2.296630E-03    1.648980E-03    1.474288E+02 
   896    5.216217E-01    2.494671E-03    1.791174E-03    1.474288E+02 
   897    5.226227E-01    2.681578E-03    1.925373E-03    1.474288E+02 
   898    5.236237E-01    2.821314E-03    2.025703E-03    1.474288E+02 
   899    5.246247E-01    2.877842E-03    2.066291E-03    1.474288E+02 
   900    5.256257E-01    2.826284E-03    2.029272E-03    1.474288E+02 
   901    5.266267E-01    2.689765E-03    1.931251E-03    1.474288E+02 
   902    5.276277E-01    2.504320E-03    1.798102E-03    1.474288E+02 
   903    5.286287E-01    2.305987E-03    1.655698E-03    1.474288E+02 
   904    5.296297E-01    2.130800E-03    1.529914E-03    1.474288E+02 
   905    5.306307E-01    2.007358E-03    1.441283E-03    1.474288E+02 
   906    5.316317E-01    1.932257E-03    1.387361E-03    1.474288E+02 
   907    5.326327E-01    1.893485E-03    1.359522E-03    1.474288E+02 
   908    5.336337E-01    1.879029E-03    1.349143E-03    1.474288E+02 
   909    5.346347E-01    1.876877E-03    1.347598E-03    1.474288E+02 
   910    5.356357E-01    1.876877E-03    1.347598E-03    1.474288E+02 
   911    5.366367E-01    1.876877E-03    1.347598E-03    1.474288E+02 
   912    5.376377E-01    1.876877E-03    1.347598E-03    1.474288E+02 
   913    5.386387E-01    1.876877E-03    1.347598E-03    1.474288E+02 
   914    5.396397E-01    1.876877E-03    1.347598E-03    1.474288E+02 
   915    5.406407E-01    1.876877E-03    1.347598E-03    1.474288E+02 
   916    5.416417E-01    1.876877E-03    1.347598E-03    1.474288E+02 
   917    5.426427E-01    1.876877E-03    1.347598E-03    1.474288E+02 
   918    5.436438E-01    1.876877E-03    1.347598E-03    1.474288E+02 
   919    5.446448E-01    1.876877E-03    1.347598E-03    1.474288E+02 
   920    5.456458E-01    1.876877E-03    1.347598E-03    1.474288E+02 
   921    5.466468E-01    1.876877E-03    1.347598E-03    1.474288E+02 
   922    5.476478E-01    1.876877E-03    1.347598E-03    1.474288E+02 
   923    5.486488E-01    1.876877E-03    1.347598E-03    1.474288E+02 
   924    5.496498E-01    1.876877E-03    1.347598E-03    1.474288E+02 
   925    5.506508E-01    1.876877E-03    1.347598E-03    1.474288E+02 
   926    5.516518E-01    1.876877E-03    1.347598E-03    1.474288E+02 
   927    5.526528E-01    1.876877E-03    1.347598E-03    1.474288E+02 
   928    5.536538E-01    1.876877E-03    1.347598E-03    1.474288E+02 
   929    5.546548E-01    1.876877E-03    1.347598E-03    1.474288E+02 
   930    5.556558E-01    1.876877E-03    1.347598E-03    1.474288E+02 
   931    5.566568E-01    1.876877E-03    1.347598E-03    1.474288E+02 
   932    5.576578E-01    1.876877E-03    1.347598E-03    1.474288E+02 
   933    5.586588E-01    1.876877E-03    1.347598E-03    1.474288E+02 
   934    5.596598E-01    1.876877E-03    1.347598E-03    1.474288E+02 
   935    5.606608E-01    1.876877E-03    1.347598E-03    1.474288E+02 
   936    5.616618E-01    1.877322E-03    1.347917E-03    1.474288E+02 
   937    5.626628E-01    1.880653E-03    1.350309E-03    1.474288E+02 
   938    5.636638E-01    1.889875E-03    1.356930E-03    1.474288E+02 
   939    5.646648E-01    1.907989E-03    1.369936E-03    1.474288E+02 
   940    5.656658E-01    1.937999E-03    1.391483E-03    1.474288E+02 
   941    5.666668E-01    1.981129E-03    1.422451E-03    1.474288E+02 
   942    5.676678E-01    2.030614E-03    1.457981E-03    1.474288E+02 
   943    5.686688E-01    2.077444E-03    1.491605E-03    1.474288E+02 
   944    5.696698E-01    2.112611E-03    1.516855E-03    1.474288E+02 
   945    5.706708E-01    2.127105E-03    1.527261E-03    1.474288E+02 
   946    5.716718E-01    2.114585E-03    1.518272E-03    1.474288E+02 
   947    5.726728E-01    2.080696E-03    1.493940E-03    1.474288E+02 
   948    5.736738E-01    2.034446E-03    1.460732E-03    1.474288E+02 
   949    5.746748E-01    1.984845E-03    1.425119E-03    1.474288E+02 
   950    5.756758E-01    1.940902E-03    1.393568E-03    1.474288E+02 
   951    5.766768E-01    1.909847E-03    1.371270E-03    1.474288E+02 
   952    5.776778E-01    1.890920E-03    1.357680E-03    1.474288E+02 
   953    5.786788E-01    1.881118E-03    1.350642E-03    1.474288E+02 
   954    5.796798E-01    1.877438E-03    1.348000E-03    1.474288E+02 
   955    5.806808E-01    1.876877E-03    1.347598E-03    1.474288E+02 
   956    5.816818E-01    1.876877E-03    1.347598E-03    1.474288E+02 
   957    5.826828E-01    1.876877E-03    1.347598E-03    1.474288E+02 
   958    5.836838E-01    1.876877E-03    1.347598E-03    1.474288E+02 
   959    5.846848E-01    1.876877E-03    1.347598E-03    1.474288E+02 
   960    5.856858E-01    1.876877E-03    1.347598E-03    1.474288E+02 
   961    5.866868E-01    1.876877E-03    1.347598E-03    1.474288E+02 
   962    5.876878E-01    1.876877E-03    1.347598E-03    1.474288E+02 
   963    5.886888E-01    1.876877E-03    1.347598E-03    1.474288E+02 
   964    5.896898E-01    1.876877E-03    1.347598E-03    1.474288E+02 
   965    5.906908E-01    1.876877E-03    1.347598E-03    1.474288E+02 
   966    5.916918E-01    1.876877E-03    1.347598E-03    1.474288E+02 
   967    5.926928E-01    1.876877E-03    1.347598E-03    1.474288E+02 
   968    5.936938E-01    1.876877E-03    1.347598E-03    1.474288E+02 
   969    5.946948E-01    1.876877E-03    1.347598E-03    1.474288E+02 
   970    5.956958E-01    1.876877E-03    1.347598E-03    1.474288E+02 
   971    5.966968E-01    1.876877E-03    1.347598E-03    1.474288E+02 
   972    5.976978E-01    1.876877E-03    1.347598E-03    1.474288E+02 
   973    5.986988E-01    1.876877E-03    1.347598E-03    1.474288E+02 
   974    5.996998E-01    1.876877E-03    1.347598E-03    1.474288E+02 
   975    6.007008E-01    1.876877E-03    1.347598E-03    1.474288E+02 
   976    6.017018E-01    1.876877E-03    1.347598E-03    1.474288E+02 
   977    6.027028E-01    1.876877E-03    1.347598E-03    1.474288E+02 
   978    6.037038E-01    1.876877E-03    1.347598E-03    1.474288E+02 
   979    6.047048E-01    1.876877E-03    1.347598E-03    1.474288E+02 
   980    6.057058E-01    1.876877E-03    1.347598E-03    1.474288E+02 
   981    6.067068E-01    1.876376E-03    6.438014E-01    1.474288E+02 
   982    6.077078E-01    1.872372E-03    3.206761E+00    1.474288E+02 
   983    6.087088E-01    1.858859E-03    8.911723E+00    1.474288E+02 
   984    6.097098E-01    1.826827E-03    1.876598E+01    1.474288E+02 
   985    6.107108E-01    1.764264E-03    3.322501E+01    1.474288E+02 
   986    6.117118E-01    1.658158E-03    4.939442E+01    1.474288E+02 
   987    6.127128E-01    1.502503E-03    6.173426E+01    1.474288E+02 
   988    6.137138E-01    1.300300E-03    6.589216E+01    1.474288E+02 
   989    6.147148E-01    1.063564E-03    6.008625E+01    1.474288E+02 
   990    4.909910E-01    5.613337E-03    4.030376E-03    0.000000E+00 
   991    4.919920E-01    4.977664E-03    3.573962E-03    0.000000E+00 
   992    4.929930E-01    4.475224E-03    3.213211E-03    0.000000E+00 
   993    4.939940E-01    4.114443E-03    2.954170E-03    0.000000E+00 
   994    4.949950E-01    3.873713E-03    2.781326E-03    0.000000E+00 
   995    4.959960E-01    3.703125E-03    2.658844E-03    0.000000E+00 
   996    4.969970E-01    3.550334E-03    2.549140E-03    0.000000E+00 
   997    4.979980E-01    3.380502E-03    2.427200E-03    0.000000E+00 
   998    4.989990E-01    3.176805E-03    2.280946E-03    0.000000E+00 
   999    5.000000E-01    2.940440E-03    2.111236E-03    0.000000E+00 
